Route #1: 277 222 158 244 228 236 187 126 101 225 190 213 235 137 231 79 30
Route #2: 274 48 204 263 205 272 147 52 114 284 97 171 226 153 200 189
Route #3: 38 211 96 31 56 18 220 279 229 245 159 120 47 180 28 111 261 36 257
Route #4: 150 119 6 11 26 116 197 68 186 216 90 85 201 75 9 13 164 140 181 276 125 214 161
Route #5: 175 34 124 264 102 129 166 170 179 145 71 218 151 246 254 210 14 69
Route #6: 64 267 21 80 221 4 91 110 139 281 260 262 165 270 67 240 63 283 230 99 50 242 94
Route #7: 123 29 66 146 84 10 112 132 103 93 208 55 252 62 275 259 42 2 173
Route #8: 117
Route #9: 156 136 271 39 167 143 78 37 149 141 131 232 203 16 144 89 195 142 41 243 192
Route #10: 268 83 152 95 185 3 27 17 45 72 35 128 87 199 255 163 193 182 282 51 86
Route #11: 241 249 73 53 157 46 177 118 104 269 12 265 108 188 233 234 206 109 25
Route #12: 207 169 253 107 174 100 32 227 239 217 65 133 266 82 250 176 168 183 43 212 44
Route #13: 237 106 273 49 148 122 160 15 191 57 202 135 138 258 113 209 5 58 60 196 238 256 224
Route #14: 23 81 219 248 54 8 162 76 223 24 74 184 61 121 127 19 154 247 278 70 215 40 33
Route #15: 115 251 7 155 134 280 105 22 178 20 194 77 130 92 172 198 59 98 88
