Route #1: 252 77 2 137 223 179 158 111 76 104 139 162 50 166 245 91
Route #2: 195 130 145 163 181 80 97 127 210 70 11 117 41 84 62
Route #3: 13 231 15 203 124 236 171 138 208 6 230 244 64 54 37 60 27
Route #4: 160 207 229 170 56 240 98 164 169 116 134 143 73 103 9 176
Route #5: 155 251 141 249 99 246 243 59 212 32 189 232 225 197 7 121
Route #6: 119 242 46 183 63 16 198 218 202 68 159 43 47 146 154
Route #7: 254 95 224 74 114 82 209 196 188 69 120 156 25 131 57 235
Route #8: 247 215 4 105 58 29 18 17 186 96 108 227 52 222 172 51
Route #9: 220 85 20 66 94 71 238 24 23 174
Route #10: 250 168 78 216 31 128 110 178 61 214 180 65 123 107 194
Route #11: 34 83 89 125 5 182 199 167 226 49 30 72 26 87 48
Route #12: 193 129 165 88 201 234 152 44 204 190 45 213 28 102 140
Route #13: 53 19 109 81 191 126 90 39 122 237 205 22 8 100 35 151
Route #14: 255 157 184 161 256 67 187 221 132 101 135 192 3 10 136
Route #15: 248 55 118 75 92 177 40 217 106 93 173 144 200 253 79 153
Route #16: 185 206 233 36 175 211 150 228 241 14 142 12 219 21 113 115
Route #17: 133 239 112 86 33 42 38 149 147 148
