Route #1: 251 70 134 215 280 155 7 96 161 115 211 105 31 261 111 76 24 223 224 162 8 178 20
Route #2: 244 158 222 277 117 173 123 30 29 2 126 101 259 187 42 213
Route #3: 169 263 86 73 53 233 45 12 269 265 188 108 104 118 177 46 68 197 157 11 32
Route #4: 100 6 119 125 26 216 186 90 201 85 75 9 116 227 49 148 122 5 47 61 127
Route #5: 124 34 129 102 170 179 145 67 166 246 151 71 240 218 254 210 14 69
Route #6: 91 4 260 110 139 221 80 21 281 270 165 262 264 230 283 63 175 99 50 242 267 64
Route #7: 228 236 62 252 55 275 225 208 103 132 112 93 10 84 190 146 66 235 137
Route #8: 94 38 79 231 156
Route #9: 41 144 16 89 195 142 141 203 232 131 37 78 149 143 271 39 167 136 243 192
Route #10: 282 182 193 163 199 128 35 87 27 17 3 255 185 72 95 152 83 268 109 206
Route #11: 51 249 234 174 107 241 237 25 253 207 189 48 205 204 97 274
Route #12: 214 276 181 13 164 140 65 133 266 217 239 43 212 44 150 106 272 147 114
Route #13: 273 183 168 82 57 202 176 250 135 15 191 160 138 113 258 209 58 60 238 196 256 74 184 120 121 19 154
Route #14: 23 81 219 172 248 200 153 226 171 52 40 247 278 33 284 56 18 245 159 220 257
Route #15: 229 28 180 279 77 130 92 198 59 194 36 22 98 54 88
