Route #1: 207 229 170 56 164 98 240 74 254 114 82 209 196 188 69 120 156
Route #2: 238 66 94 71 163 97 181 80 127 210 2 70 145 130 24
Route #3: 174 23 195 117 245 166 50 19 81 191 126 100 53 91 62
Route #4: 247 202 222 52 172 216 61 214 89 125 180 78 51 168 250
Route #5: 249 189 32 212 99 59 243 246 225 95 224 121 7 197 232
Route #6: 235 176 57 220 20 25 9 73 103 143 134 116 160 169 131
Route #7: 141 251 155 119 242 198 16 63 46 183 47 43 68 159 146 218
Route #8: 85 11 252 77 137 223 179 158 111 76 104 139 162 109 90 8 185
Route #9: 215 154 4 105 58 29 128 178 110 31 227 18 17 108 96 186
Route #10: 41 84 151 206 35 22 39 122 237 205 150 211 175 36 233 228 14
Route #11: 194 65 5 182 49 48 87 72 30 26 88 201 204 165 129
Route #12: 241 219 142 12 21 113 115 148 147
Route #13: 34 83 107 123 199 167 226 152 234 44 190 45 213 28 193
Route #14: 102 140 161 184 157 256 67 192 3 132 101 187 221 255 135
Route #15: 248 55 136 10 118 75 200 253 144 173 93 92 177 217 40 106
Route #16: 13 231 15 208 236 138 171 153 79 112 86 33 239 42 38 149
Route #17: 133 27 37 60 244 6 124 203 230 64 54
