Route #1: 166 306 193 172 259 327 244 71 206 2 280
Route #2: 21 241 122 18 316 189 340 263 296 183 80 123
Route #3: 309 53 225 75 119 125 246 314 187 127 318 268
Route #4: 82 175 85 11 185 50 130 221 237 202 204 27 58 347 192
Route #5: 210 23 229 223 181 153 48
Route #6: 184 177 288 61 84 267 29 266 295
Route #7: 99 168 209 299 81 230 16 264
Route #8: 252 126 46 6 224 297 207 232 279
Route #9: 19 110 257 87 211 305 42 64 227 271 37 131 93 176 239
Route #10: 90 89 216 331 66 128 52
Route #11: 132 336 182 303 7 121
Route #12: 308 289 108 129 218 104 145 164 249 304 43
Route #13: 152 298 194 261 28 150 103 49
Route #14: 217 286 171 313 25 208 91 339 322 141
Route #15: 111 155 325 167 196 307
Route #16: 236 274 95 45 253 247 106
Route #17: 333 197 33 214 77 151 158
Route #18: 240 199 135 63 290 203 96 32
Route #19: 34 67 245 273 285 120 281 118
Route #20: 278 156 5 47 215 9 169 180 219
Route #21: 302 36 190 231 351 113 256 323
Route #22: 154 251 4 17 213 136 179
Route #23: 324 100 342 137 159 55 191 200 65
Route #24: 140 20 334 315 73 70 74 242 146
Route #25: 284 330 114 86 115 186 72 147 343 349 350
Route #26: 35 234 275 54 15 201
Route #27: 138 226 148 276 311 320 269 160 139
Route #28: 143 88 10 38 8 282 26 292 233
Route #29: 157 348 188 98 13 346 116
Route #30: 94 345 317 170 301 83 277 319 337 178
Route #31: 260 248 272 270 300 287 162 294
Route #32: 78 117 328 222 235 3 30
Route #33: 24 321 173 228 12 283 69
Route #34: 332 31 144 68 142 243 40 163
Route #35: 344 39 220 212 92 195 51 250
Route #36: 44 174 124 41 205 112 312 105 255 238
Route #37: 79 310 198 59 107 22 335 293 60
Route #38: 161 258 265 102 341 291 97
Route #39: 14 149 338 56 254 133
Route #40: 101 57 109 134 76 329
Route #41: 165 62 262 326
