Route #1: 19 206 172 6 327 299 81 230 221 130 50 185 202 288 29 266 192
Route #2: 203 151 213 169 180 9 215
Route #3: 82 84 23 229 223 27 331 347 286 290
Route #4: 252 126 289 131 194 43 298 152 176 239 121
Route #5: 2 244 259 153 181 237 209 193
Route #6: 232 87 71 271 264 16 42 37 211 280
Route #7: 184 295 166 61 267 306 110
Route #8: 207 257 297 224 249 305 129 227 64 218 104 145 164
Route #9: 279 210 46 108 261 28 304 308 93
Route #10: 58 175 11 85 204 177 48 168 99
Route #11: 90 103 111 155 325 49
Route #12: 128 89 216 336 66 171
Route #13: 256 33 7 132 182 217 303
Route #14: 150 273 285 281 118 137 245 100
Route #15: 339 91 313 208 25 322 247 253 106
Route #16: 307 158 196 167 34 67 324 140
Route #17: 342 120 159 55 191 200 65 161 258 102
Route #18: 240 236 274 95 45 135 154
Route #19: 136 334 20 315 143 88 73 70
Route #20: 190 36 141 302 63 199
Route #21: 47 197 333 52 77 214 5
Route #22: 351 113 251 278
Route #23: 231 115 186 72 226 147 86 114 284
Route #24: 179 10 8 38 265 76 165 116 146 350
Route #25: 122 296 317 125 246 272 320 311 276 148 18 138 343
Route #26: 330 316 189 269 314 187 183 340 241
Route #27: 345 119 301 142 243 59 335 293 341 134
Route #28: 263 94 160 318 225 309 80
Route #29: 170 248 300 117 328 270 283 68 39
Route #30: 287 321 31 222 12 69 205 40 22 123 349
Route #31: 96 26 326 329 62 262 60 346 13 282 74 156
Route #32: 163 212 220 124 112 198 107 291 56 238
Route #33: 294 51 144 228 235 127 53
Route #34: 105 250 41 195 173 162 83 75
Route #35: 268 24 3 92 344 174 44 260
Route #36: 30 338 14 255 312 332 319
Route #37: 277 78 310 149 97 79
Route #38: 139 337 133 101 254 57 109 201
Route #39: 188 233 178 157 21 348
Route #40: 323 292 15 242 98 234
Route #41: 35 54 32 219 275 17 4
