Route #1: 144 218 44 104 191 57 2 189 66 166 117 138 275 139 226 109 50 285 399 359 350 238 361 146 328 302
Route #2: 378 384 320 105 258 87 306 76 149 154 371 356 301 207 20 386 159 37 181 56 295 391 70 314 188 363 94 255 278 31
Route #3: 89 233 256 341 81 62 224 287 48 259 315 388 86 289 26 9 276 151
Route #4: 148 212 203 195 215 42 79 111 170 84 23 61
Route #5: 179 335 317 305 34 157 216 268 103 230 296 176 200 380 63 321 98 324 323 298 184 281 237 147
Route #6: 102 74 28 374 253 112 346 116 211 336 32 199
Route #7: 303 294 101 219 67 273 7 337 133 201 318 334 180 344 131
Route #8: 223 16 90 381 68 395 351 245 221
Route #9: 114 349 369 88 6 39 45 183 186 282 140
Route #10: 173 13 327 71 262 93 220 78 372 19
Route #11: 269 232 292 187 100 288 329 126 174 392 265
Route #12: 366 43 250 291 194 128 175 390 92 330
Route #13: 252 124 347 272 387 47 18 326 196
Route #14: 312 24 193 165 198 360 333 307 22 82
Route #15: 310 33 368 257 229 127 41 286 10 206
Route #16: 228 72 382 389 264 355 96 247 280
Route #17: 332 130 342 322 108 91 99 283 319 231 300
Route #18: 60 383 192 169 304 125 83 27 284 331 214
Route #19: 401 377 160 266 185 59 352 11 3 279 202 38
Route #20: 217 239 243 120 53 225 353 25 338 52 156
Route #21: 12 375 246 143 135 365 73 364 97 241 168 121
Route #22: 46 36 270 55 171 400 113 106 85 340 58 29 297
Route #23: 163 8 172 54 162 49 136 313 345
Route #24: 242 152 107 190 213 394 30 396 119 115 362
Route #25: 210 69 141 65 164 244 309 385 21 95 15 177 236 293 178
Route #26: 240 339 208 277 5 249 132 161 251 227 373 205 110 64 17 354 209 379 123 343 397 142 299 182 274
Route #27: 150 311 290 367 197 267 248 118 358 153 376 129 155 204 261 254 260
Route #28: 393 316 271 134 263 325 370 348 167 234 40 122 14 51
Route #29: 75 357 158 308 398 77 137 35 222 235 4 80 145
