Route #1: 344 208 256 341 81 384 320 105 363 391 258 277 227 209 373 5 295 188 70 314 249 251 290 367 205 161 334 181
Route #2: 350 2 57 238 191 104 44 361 230 146 328 103 268 302 216 305 317 218 157 237 34 144 335 179 147 102 199 170 401
Route #3: 37 87 306 62 224 76 149 56 132 159 154 371 386 356 287 301 207 48 20 110 64 297 17 354 315 259 388
Route #4: 109 226 138 275 139 117 166 63 66 380 321 285 50 184 281 200 98 324 176 399 359 189
Route #5: 309 385 21 79 244 164 111 65 323 298 296 141 84 23 61 148 203 140 46
Route #6: 74 28 32 22 82 307 19 60 372 211 130
Route #7: 177 215 42 15 95 222 195 362 236 173 235 137 35 151 158 265 239
Route #8: 69 145 51 212 80 4 308 77 398 370 357 121 214
Route #9: 374 336 253 112 346 116 101 303 219 294
Route #10: 333 223 16 67 273 337 7 133 381 300 316
Route #11: 14 122 75 40 293 210 393 167 234 271 348 325 38 217 260
Route #12: 90 68 351 395 369 114 220 349 78
Route #13: 366 221 88 6 245 39 45 183 186 262
Route #14: 250 93 282 232 71 269 327 13 128 292
Route #15: 43 175 187 288 329 126 100 272 387
Route #16: 377 291 194 390 252 124 347 47
Route #17: 345 360 92 165 193 392 174 18 326
Route #18: 115 313 332 198 312 196 24 257 229 41
Route #19: 376 119 383 72 310 33 228 368 264
Route #20: 155 129 204 263 134 261 254 150 178
Route #21: 160 322 382 127 286 10 355 96 389
Route #22: 136 231 342 108 91 319 99 283 185
Route #23: 266 59 169 247 304 125 83 27 352
Route #24: 274 182 248 118 206 267 299 240 89 233 31 131 311 197 379 339 278 255 378 94 142 397 343 123 180 280 330 29
Route #25: 201 318 152 58 243 120 284 202 225 279 192 331
Route #26: 53 3 11 25 353 143 246 135 338 156
Route #27: 12 86 340 375 365 52 241 73 364 171
Route #28: 289 85 113 97 168 55 270 36 400 106 107
Route #29: 242 26 190 163 8 162 172 49 54 153
Route #30: 30 213 394 396 276 9 358
